              precision    recall  f1-score   support

         ACC     0.9286    0.7222    0.8125        18
         APP     0.9333    0.7368    0.8235        19
          HW     0.7647    0.8125    0.7879        16
        MAIL     0.9286    0.6842    0.7879        19
         NET     0.9500    0.8261    0.8837        23
         POL     0.6667    0.1538    0.2500        13
         SRV     0.9444    0.6296    0.7556        27
          SW     0.6500    0.9848    0.7831        66

    accuracy                         0.7761       201
   macro avg     0.8458    0.6938    0.7355       201
weighted avg     0.8122    0.7761    0.7637       201
