              precision    recall  f1-score   support

         ACC     0.7368    0.7778    0.7568        18
         APP     0.8333    0.7895    0.8108        19
          HW     0.7222    0.8125    0.7647        16
        MAIL     1.0000    0.7368    0.8485        19
         NET     0.8000    0.6957    0.7442        23
         POL     0.6250    0.3846    0.4762        13
         SRV     0.9500    0.7037    0.8085        27
          SW     0.7262    0.9242    0.8133        66

    accuracy                         0.7811       201
   macro avg     0.7992    0.7281    0.7529       201
weighted avg     0.7948    0.7811    0.7771       201
