              precision    recall  f1-score   support

         ACC     0.7000    0.7778    0.7368        18
         APP     0.8824    0.7895    0.8333        19
          HW     0.8125    0.8125    0.8125        16
        MAIL     0.8750    0.7368    0.8000        19
         NET     0.7895    0.6522    0.7143        23
         POL     0.7500    0.6923    0.7200        13
         SRV     0.9375    0.5556    0.6977        27
          SW     0.7412    0.9545    0.8344        66

    accuracy                         0.7861       201
   macro avg     0.8110    0.7464    0.7686       201
weighted avg     0.8016    0.7861    0.7811       201
