              precision    recall  f1-score   support

         ACC     0.9333    0.7778    0.8485        18
         APP     0.9167    0.5789    0.7097        19
          HW     0.7647    0.8125    0.7879        16
        MAIL     0.9333    0.7368    0.8235        19
         NET     0.7083    0.7391    0.7234        23
         POL     0.5000    0.1538    0.2353        13
         SRV     0.8889    0.5926    0.7111        27
          SW     0.6667    0.9697    0.7901        66

    accuracy                         0.7512       201
   macro avg     0.7890    0.6702    0.7037       201
weighted avg     0.7710    0.7512    0.7366       201
