              precision    recall  f1-score   support

         ACC     1.0000    0.3889    0.5600        18
         APP     1.0000    0.3684    0.5385        19
          HW     1.0000    0.6250    0.7692        16
        MAIL     1.0000    0.1579    0.2727        19
         NET     0.6207    0.7826    0.6923        23
         POL     0.0000    0.0000    0.0000        13
         SRV     0.9091    0.3704    0.5263        27
          SW     0.4851    0.9848    0.6500        66

    accuracy                         0.5970       201
   macro avg     0.7519    0.4598    0.5011       201
weighted avg     0.7106    0.5970    0.5514       201
