              precision    recall  f1-score   support

         ACC     1.0000    0.6667    0.8000        18
         APP     0.8333    0.5263    0.6452        19
          HW     0.6875    0.6875    0.6875        16
        MAIL     0.9333    0.7368    0.8235        19
         NET     0.5938    0.8261    0.6909        23
         POL     0.0000    0.0000    0.0000        13
         SRV     0.9167    0.4074    0.5641        27
          SW     0.6139    0.9394    0.7425        66

    accuracy                         0.6915       201
   macro avg     0.6973    0.5988    0.6192       201
weighted avg     0.7039    0.6915    0.6638       201
